0 0.9432552380919329 0.980333415501982
1 0.9895334696535065 0.9968723794123213
2 0.9969697977191856 0.9985547157712804
3 0.9960982887248878 0.9989994560178661
4 0.9729722225013668 0.9898857758541009
5 0.9675610277873454 0.9978008132304372
6 0.9935554118955361 0.9995553885481077
7 0.9628399795481335 0.9876650540824119
8 0.98475042534801 0.9980179767536581
9 0.5057772223754908 0.5281110747728222
10 0.9549682290422736 0.9708252959844756
11 0.9866014098535554 0.9900277908746228
12 0.9949335147504483 0.9986375777580708
13 0.9686262308659846 0.9943936524632643
14 0.9907705305293253 0.9995005400111998
15 0.7255344713757185 0.7903736399316172
16 0.9008666308998274 0.9664609844716399
17 0.8923309415113144 0.964302015245365
18 0.7616984027878502 0.9307001758049893
19 0.9781428255624713 0.992739834058914
20 0.9066336380818119 0.9680966711736612
21 0.9905468400396183 0.9926442029589364
22 0.9922126213058141 0.9991646630730184
23 0.9942115047410176 0.9974968087520024
24 0.9921087123796248 0.998065324590919
25 0.9918005706511681 0.9995763899001446
26 0.8662847618961276 0.9464127365230244
27 0.9691395082282446 0.9953053578217987
28 0.9047047980905585 0.9602836392321479
29 0.9920008451139092 0.9951302337112249
30 0.9972201481243639 0.996040362395778
31 0.9953394075712181 0.9984395013135663
32 0.901517120256234 0.9753919360555803
33 0.9056622363604521 0.9672416964578485
34 0.9886394347840253 0.9928025580483615
35 0.9910805758967953 0.9909220343493128
36 0.8054911321775577 0.8864305337875498
37 0.9898907042665387 0.9951737230746637
38 0.9952523731823422 0.9988282823525931
39 0.9920952046754072 0.9947821124291713
40 0.9921760294506239 0.996132894460284
41 0.991550615286271 0.9971716005494453
42 0.994560482883837 0.9987291660214594
43 0.9176468246409551 0.9843593674346978
44 0.9965470122002047 0.9998502109270124
45 0.9938448906172004 0.9983368845828535
46 0.9567795497274192 0.9768944566018405
47 0.9882683478522397 0.9961513249320404
48 0.9823693496594675 0.9911152468623514
49 0.994335233804599 0.9965919506076211
Average 0.9487539348953961 0.9731463885506011
